A
    0
    01
B
    00
    000
C
    001
    0000
D
    01
    001
(A,0)
    0 0
    0 10
(A,1)
    1 0
    1 10
(B,0)
    00 0
    00 10
(B,1)
    01 0
    01 10
(C,0)
    110 0
    110 10
(C,1)
    111 0
    111 10
(D,0)
    10 0
    10 10
(D,1)
    11 0
    11 10

A
    0
    01
B
    0 0
    0 00
C
    00 1
    00 00
D
    0 1
    0 01
(A,0)
    0 0
    0 00
(A,1)
    0 1
    0 01
(B,0)
    00 0
    00 01
(B,1)
    00 0
    00 00
(C,0)
    001 1
    001 01
(C,1)
    000 0
    000 01
(D,0)
    01 1
    01 01
(D,1)
    00 1
    00 00


1111111111111111111101111111111111111111111112111121111011111111111112111101111201111020101111111101111011111111101111011111111111111001111111112111121111011111011111111111111211110111121111211110011110111110021111211110211110011110221111201111211111121111011112111110111111111102111100011110001111221111221111001111120011110020211112202111101001111122021111