FSM 1
20 60
1 10 a 2
1 3 b 2
1 8 c 1
2 15 a 2
2 11 b 1
2 15 c 1
3 19 a 1
3 14 b 1
3 20 c 0
4 18 a 1
4 9 b 0
4 20 c 0
5 15 a 2
5 12 b 0
5 12 c 2
6 5 a 1
6 11 b 0
6 19 c 1
7 4 a 0
7 18 b 0
7 13 c 1
8 2 a 1
8 4 b 0
8 12 c 2
9 10 a 1
9 1 b 2
9 10 c 1
10 15 a 1
10 18 b 1
10 14 c 1
11 10 a 1
11 4 b 1
11 6 c 2
12 16 a 0
12 18 b 2
12 14 c 2
13 10 a 0
13 20 b 2
13 17 c 1
14 1 a 1
14 7 b 0
14 2 c 0
15 15 a 0
15 2 b 0
15 6 c 0
16 8 a 0
16 6 b 2
16 20 c 1
17 19 a 2
17 3 b 0
17 7 c 0
18 12 a 2
18 15 b 0
18 15 c 1
19 17 a 1
19 13 b 2
19 17 c 1
20 19 a 1
20 13 b 0
20 8 c 0
FSM 2
4 8
1 3 a 0
1 4 b 1
2 3 a 0
2 1 b 1
3 1 a 1
3 2 b 0
4 2 a 0
4 3 b 1
FSM 3
4 8
1 2 a 1
1 3 b 1
2 3 a 0
2 4 b 1
3 1 a 1
3 2 b 0
4 2 a 0
4 3 b 1
FSM 4
3 6
1 1 a 1
1 2 b 0
2 3 a 0
2 1 b 0
3 2 a 0
3 3 b 1
FSM 5
4 8
1 2 a 0
1 4 b 0
2 1 a 0
2 2 b 0
3 4 a 1
3 1 b 0
4 4 a 1
4 3 b 0
FSM 6
4 8
1 1 a 0
1 2 b 0
2 1 a 0
2 3 b 0
3 1 a 0
3 4 b 0
4 1 a 1
4 4 b 0
